-10.0 4.53978687024e-05
-9.59183673469 6.82792246023e-05
-9.18367346939 0.000102692017886
-8.77551020408 0.000154446212373
-8.36734693878 0.000232277160288
-7.95918367347 0.000349316192339
-7.55102040816 0.000525297471397
-7.14285714286 0.000789865941736
-6.73469387755 0.00118752720787
-6.32653061224 0.00178503502456
-5.91836734694 0.00268237327963
-5.51020408163 0.0040289833585
-5.10204081633 0.0060475218736
-4.69387755102 0.00906814944136
-4.28571428571 0.0135769169437
-3.87755102041 0.0202816018271
-3.4693877551 0.0301959053784
-3.0612244898 0.0447353464057
-2.65306122449 0.0658005830639
-2.24489795918 0.0957904659617
-1.83673469388 0.137437932448
-1.42857142857 0.193321369802
-1.02040816327 0.264947902903
-0.612244897959 0.351547276576
-0.204081632653 0.449155937816
0.204081632653 0.550844062184
0.612244897959 0.648452723424
1.02040816327 0.735052097097
1.42857142857 0.806678630198
1.83673469388 0.862562067552
2.24489795918 0.904209534038
2.65306122449 0.934199416936
3.0612244898 0.955264653594
3.4693877551 0.969804094622
3.87755102041 0.979718398173
4.28571428571 0.986423083056
4.69387755102 0.990931850559
5.10204081633 0.993952478126
5.51020408163 0.995971016642
5.91836734694 0.99731762672
6.32653061224 0.998214964975
6.73469387755 0.998812472792
7.14285714286 0.999210134058
7.55102040816 0.999474702529
7.95918367347 0.999650683808
8.36734693878 0.99976772284
8.77551020408 0.999845553788
9.18367346939 0.999897307982
9.59183673469 0.999931720775
10.0 0.999954602131
